     0      0   1
  3000      0   1
  6000      0   1
  9000      0   1
 12000      0   1
 15000      0   1
 18000      0   1
 21000      0   1
 24000      0   1
 27000      0   1
 30000      0   1
 33000      0   1
 36000      0   1
 39000      0   1
 42000      0   1
 45000      0   1
 48000      0   1
 51000      0   1
 54000      0   1
 57000      0   1
 60000      0   1
 63000      0   1
 66000      0   1
 69000      0   1
 72000      0   1
 75000      0   1
 78000      0   1
 81000      0   1
 84000      0   1
 87000      0   1
 90000      0   1
 93000      0   1
 96000      0   1
 99000      0   1
102000      0   1
105000      0   1
108000      0   1
111000      0   1
114000      0   1
117000      0   1
120000      0   1
123000      0   1
126000      0   1
129000      0   1
132000      0   1
135000      0   1
138000      0   1
141000      0   1
144000      0   1
147000      0   1
150000      0   1
153000      0   1
156000      0   1
159000      0   1
162000      0   1
165000      0   1
168000      0   1
171000      0   1
174000      0   1
177000      0   1
180000      0   1
183000      0   1
186000      0   1
189000      0   1
192000      0   1
195000      0   1
198000      0   1
201000      0   1
204000      0   1
207000      0   1
210000      0   1
213000      0   1
216000      0   1
219000      0   1
222000      0   1
225000      0   1
228000      0   1
231000      0   1
234000      0   1
237000      0   1
240000      0   1
243000      0   1
246000      0   1
249000      0   1
252000      0   1
255000      0   1
258000      0   1
261000      0   1
264000      0   1
267000      0   1
270000      0   1
273000      0   1
276000      0   1
279000      0   1
282000      0   1
285000      0   1
288000      0   1
291000      0   1
294000      0   1
297000      0   1
300000      0   1
303000      0   1
306000      0   1
309000      0   1
312000      0   1
315000      0   1
318000      0   1
321000      0   1
324000      0   1
327000      0   1
330000      0   1
333000      0   1
336000      0   1
339000      0   1
342000      0   1
345000      0   1
348000      0   1
351000      0   1
354000      0   1
357000      0   1
360000      0   1
363000      0   1
366000      0   1
369000      0   1
372000      0   1
375000      0   1
378000      0   1
381000      0   1
384000      0   1
387000      0   1
390000      0   1
393000      0   1
396000      0   1
399000      0   1
402000      0   1
405000      0   1
408000      0   1
411000      0   1
414000      0   1
417000      0   1
420000      0   1
423000      0   1
426000      0   1
429000      0   1
432000      0   1
435000      0   1
438000      0   1
441000      0   1
444000      0   1
447000      0   1
450000      0   1
453000      0   1
456000      0   1
459000      0   1
462000      0   1
465000      0   1
468000      0   1
471000      0   1
474000      0   1
477000      0   1
480000      0   1
483000      0   1
486000      0   1
489000      0   1
492000      0   1
495000      0   1
498000      0   1
501000      0   1
504000      0   1
507000      0   1
510000      0   1
513000      0   1
516000      0   1
519000      0   1
522000      0   1
525000      0   1
528000      0   1
531000      0   1
534000      0   1
537000      0   1
540000      0   1
543000      0   1
546000      0   1
549000      0   1
552000      0   1
555000      0   1
558000      0   1
561000      0   1
564000      0   1
567000      0   1
570000      0   1
573000      0   1
576000      0   1
579000      0   1
582000      0   1
585000      0   1
588000      0   1
591000      0   1
594000      0   1
597000      0   1
600000      0   1
603000      0   1
606000      0   1
609000      0   1
612000      0   1
615000      0   1
618000      0   1
621000      0   1
624000      0   1
627000      0   1
630000      0   1
633000      0   1
636000      0   1
639000      0   1
642000      0   1
645000      0   1
648000      0   1
651000      0   1
654000      0   1
657000      0   1
660000      0   1
663000      0   1
666000      0   1
669000      0   1
672000      0   1
675000      0   1
678000      0   1
681000      0   1
684000      0   1
687000      0   1
690000      0   1
693000      0   1
696000      0   1
699000      0   1
702000      0   1
705000      0   1
708000      0   1
711000      0   1
714000      0   1
717000      0   1
720000      0   1
723000      0   1
726000      0   1
729000      0   1
732000      0   1
735000      0   1
738000      0   1
741000      0   1
744000      0   1
747000      0   1
750000      0   1
753000      0   1
756000      0   1
759000      0   1
762000      0   1
765000      0   1
768000      0   1
771000      0   1
774000      0   1
777000      0   1
780000      0   1
783000      0   1
786000      0   1
789000      0   1
792000      0   1
795000      0   1
798000      0   1
801000      0   1
804000      0   1
807000      0   1
810000      0   1
813000      0   1
816000      0   1
819000      0   1
822000      0   1
825000      0   1
828000      0   1
831000      0   1
834000      0   1
837000      0   1
840000      0   1
843000      0   1
846000      0   1
849000      0   1
852000      0   1
855000      0   1
858000      0   1
861000      0   1
864000      0   1
867000      0   1
870000      0   1
873000      0   1
876000      0   1
879000      0   1
882000      0   1
885000      0   1
888000      0   1
891000      0   1
894000      0   1
897000      0   1
900000      0   1
903000      0   1
906000      0   1
909000      0   1
912000      0   1
915000      0   1
918000      0   1
921000      0   1
924000      0   1
927000      0   1
930000      0   1
933000      0   1
936000      0   1
939000      0   1
942000      0   1
945000      0   1
948000      0   1
951000      0   1
954000      0   1
957000      0   1
960000      0   1
963000      0   1
966000      0   1
969000      0   1
972000      0   1
975000      0   1
978000      0   1
981000      0   1
984000      0   1
987000      0   1
990000      0   1
993000      0   1
996000      0   1
999000      0   1
1002000      0   1
1005000      0   1
1008000      0   1
1011000      0   1
1014000      0   1
1017000      0   1
1020000      0   1
1023000      0   1
1026000      0   1
1029000      0   1
1032000      0   1
1035000      0   1
1038000      0   1
1041000      0   1
1044000      0   1
1047000      0   1
1050000      0   1
1053000      0   1
1056000      0   1
1059000      0   1
1062000      0   1
1065000      0   1
1068000      0   1
1071000      0   1
1074000      0   1
1077000      0   1
1080000      0   1
1083000      0   1
1086000      0   1
1089000      0   1
1092000      0   1
1095000      0   1
1098000      0   1
1101000      0   1
1104000      0   1
1107000      0   1
1110000      0   1
1113000      0   1
1116000      0   1
1119000      0   1
1122000      0   1
1125000      0   1
1128000      0   1
1131000      0   1
1134000      0   1
1137000      0   1
1140000      0   1
1143000      0   1
1146000      0   1
1149000      0   1
1152000      0   1
1155000      0   1
1158000      0   1
1161000      0   1
1164000      0   1
1167000      0   1
1170000      0   1
1173000      0   1
1176000      0   1
1179000      0   1
1182000      0   1
1185000      0   1
1188000      0   1
1191000      0   1
1194000      0   1
1197000      0   1
1200000      0   1
1203000      0   1
1206000      0   1
1209000      0   1
1212000      0   1
1215000      0   1
1218000      0   1
1221000      0   1
1224000      0   1
1227000      0   1
1230000      0   1
1233000      0   1
1236000      0   1
1239000      0   1
1242000      0   1
1245000      0   1
1248000      0   1
1251000      0   1
1254000      0   1
1257000      0   1
1260000      0   1
1263000      0   1
1266000      0   1
1269000      0   1
1272000      0   1
1275000      0   1
1278000      0   1
1281000      0   1
1284000      0   1
1287000      0   1
1290000      0   1
1293000      0   1
1296000      0   1
1299000      0   1
1302000      0   1
1305000      0   1
1308000      0   1
1311000      0   1
1314000      0   1
1317000      0   1
1320000      0   1
1323000      0   1
1326000      0   1
1329000      0   1
1332000      0   1
1335000      0   1
1338000      0   1
1341000      0   1
1344000      0   1
1347000      0   1
1350000      0   1
1353000      0   1
1356000      0   1
1359000      0   1
1362000      0   1
1365000      0   1
1368000      0   1
1371000      0   1
1374000      0   1
1377000      0   1
1380000      0   1
1383000      0   1
1386000      0   1
1389000      0   1
1392000      0   1
1395000      0   1
1398000      0   1
1401000      0   1
1404000      0   1
1407000      0   1
1410000      0   1
1413000      0   1
1416000      0   1
1419000      0   1
1422000      0   1
1425000      0   1
1428000      0   1
1431000      0   1
1434000      0   1
1437000      0   1
1440000      0   1
1443000      0   1
1446000      0   1
1449000      0   1
1452000      0   1
1455000      0   1
1458000      0   1
1461000      0   1
1464000      0   1
1467000      0   1
1470000      0   1
1473000      0   1
1476000      0   1
1479000      0   1
1482000      0   1
1485000      0   1
1488000      0   1
1491000      0   1
1494000      0   1
1497000      0   1
1500000      0   1
1503000      0   1
1506000      0   1
1509000      0   1
1512000      0   1
1515000      0   1
1518000      0   1
1521000      0   1
1524000      0   1
1527000      0   1
1530000      0   1
1533000      0   1
1536000      0   1
1539000      0   1
1542000      0   1
1545000      0   1
1548000      0   1
1551000      0   1
1554000      0   1
1557000      0   1
1560000      0   1
1563000      0   1
1566000      0   1
1569000      0   1
1572000      0   1
1575000      0   1
1578000      0   1
1581000      0   1
1584000      0   1
1587000      0   1
1590000      0   1
1593000      0   1
1596000      0   1
1599000      0   1
1602000      0   1
1605000      0   1
1608000      0   1
1611000      0   1
1614000      0   1
1617000      0   1
1620000      0   1
1623000      0   1
1626000      0   1
1629000      0   1
1632000      0   1
1635000      0   1
1638000      0   1
1641000      0   1
1644000      0   1
1647000      0   1
1650000      0   1
1653000      0   1
1656000      0   1
1659000      0   1
1662000      0   1
1665000      0   1
1668000      0   1
1671000      0   1
1674000      0   1
1677000      0   1
1680000      0   1
1683000      0   1
1686000      0   1
1689000      0   1
1692000      0   1
1695000      0   1
1698000      0   1
1701000      0   1
1704000      0   1
1707000      0   1
1710000      0   1
1713000      0   1
1716000      0   1
1719000      0   1
1722000      0   1
1725000      0   1
1728000      0   1
1731000      0   1
1734000      0   1
1737000      0   1
1740000      0   1
1743000      0   1
1746000      0   1
1749000      0   1
1752000      0   1
1755000      0   1
1758000      0   1
1761000      0   1
1764000      0   1
1767000      0   1
1770000      0   1
1773000      0   1
1776000      0   1
1779000      0   1
1782000      0   1
1785000      0   1
1788000      0   1
1791000      0   1
1794000      0   1
1797000      0   1
1800000      0   1
1803000      0   1
1806000      0   1
1809000      0   1
1812000      0   1
1815000      0   1
1818000      0   1
1821000      0   1
1824000      0   1
1827000      0   1
1830000      0   1
1833000      0   1
1836000      0   1
1839000      0   1
1842000      0   1
1845000      0   1
1848000      0   1
1851000      0   1
1854000      0   1
1857000      0   1
1860000      0   1
1863000      0   1
1866000      0   1
1869000      0   1
1872000      0   1
1875000      0   1
1878000      0   1
1881000      0   1
1884000      0   1
1887000      0   1
1890000      0   1
1893000      0   1
1896000      0   1
1899000      0   1
1902000      0   1
1905000      0   1
1908000      0   1
1911000      0   1
1914000      0   1
1917000      0   1
1920000      0   1
1923000      0   1
1926000      0   1
1929000      0   1
1932000      0   1
1935000      0   1
1938000      0   1
1941000      0   1
1944000      0   1
1947000      0   1
1950000      0   1
1953000      0   1
1956000      0   1
1959000      0   1
1962000      0   1
1965000      0   1
1968000      0   1
1971000      0   1
1974000      0   1
1977000      0   1
1980000      0   1
1983000      0   1
1986000      0   1
1989000      0   1
1992000      0   1
1995000      0   1
1998000      0   1
2001000      0   1
2004000      0   1
2007000      0   1
2010000      0   1
2013000      0   1
2016000      0   1
2019000      0   1
2022000      0   1
2025000      0   1
2028000      0   1
2031000      0   1
2034000      0   1
2037000      0   1
2040000      0   1
2043000      0   1
2046000      0   1
2049000      0   1
2052000      0   1
2055000      0   1
2058000      0   1
2061000      0   1
2064000      0   1
2067000      0   1
2070000      0   1
2073000      0   1
2076000      0   1
2079000      0   1
2082000      0   1
2085000      0   1
2088000      0   1
2091000      0   1
2094000      0   1
2097000      0   1
2100000      0   1
2103000      0   1
2106000      0   1
2109000      0   1
2112000      0   1
2115000      0   1
2118000      0   1
2121000      0   1
2124000      0   1
2127000      0   1
2130000      0   1
2133000      0   1
2136000      0   1
2139000      0   1
2142000      0   1
2145000      0   1
2148000      0   1
2151000      0   1
2154000      0   1
2157000      0   1
2160000      0   1
2163000      0   1
2166000      0   1
2169000      0   1
2172000      0   1
2175000      0   1
2178000      0   1
2181000      0   1
2184000      0   1
2187000      0   1
2190000      0   1
2193000      0   1
2196000      0   1
2199000      0   1
2202000      0   1
2205000      0   1
2208000      0   1
2211000      0   1
2214000      0   1
2217000      0   1
2220000      0   1
2223000      0   1
2226000      0   1
2229000      0   1
2232000      0   1
2235000      0   1
2238000      0   1
2241000      0   1
2244000      0   1
2247000      0   1
2250000      0   1
2253000      0   1
2256000      0   1
2259000      0   1
2262000      0   1
2265000      0   1
2268000      0   1
2271000      0   1
2274000      0   1
2277000      0   1
2280000      0   1
2283000      0   1
2286000      0   1
2289000      0   1
2292000      0   1
2295000      0   1
2298000      0   1
2301000      0   1
2304000      0   1
2307000      0   1
2310000      0   1
2313000      0   1
2316000      0   1
2319000      0   1
2322000      0   1
2325000      0   1
2328000      0   1
2331000      0   1
2334000      0   1
2337000      0   1
2340000      0   1
2343000      0   1
2346000      0   1
2349000      0   1
2352000      0   1
2355000      0   1
2358000      0   1
2361000      0   1
2364000      0   1
2367000      0   1
2370000      0   1
2373000      0   1
2376000      0   1
2379000      0   1
2382000      0   1
2385000      0   1
2388000      0   1
2391000      0   1
2394000      0   1
2397000      0   1
2400000      0   1
2403000      0   1
2406000      0   1
2409000      0   1
2412000      0   1
2415000      0   1
2418000      0   1
2421000      0   1
2424000      0   1
2427000      0   1
2430000      0   1
2433000      0   1
2436000      0   1
2439000      0   1
2442000      0   1
2445000      0   1
2448000      0   1
2451000      0   1
2454000      0   1
2457000      0   1
2460000      0   1
2463000      0   1
2466000      0   1
2469000      0   1
2472000      0   1
2475000      0   1
2478000      0   1
2481000      0   1
2484000      0   1
2487000      0   1
2490000      0   1
2493000      0   1
2496000      0   1
2499000      0   1
2502000      0   1
2505000      0   1
2508000      0   1
2511000      0   1
2514000      0   1
2517000      0   1
2520000      0   1
2523000      0   1
2526000      0   1
2529000      0   1
2532000      0   1
2535000      0   1
2538000      0   1
2541000      0   1
2544000      0   1
2547000      0   1
2550000      0   1
2553000      0   1
2556000      0   1
2559000      0   1
2562000      0   1
2565000      0   1
2568000      0   1
2571000      0   1
2574000      0   1
2577000      0   1
2580000      0   1
2583000      0   1
2586000      0   1
2589000      0   1
2592000      0   1
2595000      0   1
2598000      0   1
2601000      0   1
2604000      0   1
2607000      0   1
2610000      0   1
2613000      0   1
2616000      0   1
2619000      0   1
2622000      0   1
2625000      0   1
2628000      0   1
2631000      0   1
2634000      0   1
2637000      0   1
2640000      0   1
2643000      0   1
2646000      0   1
2649000      0   1
2652000      0   1
2655000      0   1
2658000      0   1
2661000      0   1
2664000      0   1
2667000      0   1
2670000      0   1
2673000      0   1
2676000      0   1
2679000      0   1
2682000      0   1
2685000      0   1
2688000      0   1
2691000      0   1
2694000      0   1
2697000      0   1
2700000      0   1
2703000      0   1
2706000      0   1
2709000      0   1
2712000      0   1
2715000      0   1
2718000      0   1
2721000      0   1
2724000      0   1
2727000      0   1
2730000      0   1
2733000      0   1
2736000      0   1
2739000      0   1
2742000      0   1
2745000      0   1
2748000      0   1
2751000      0   1
2754000      0   1
2757000      0   1
2760000      0   1
2763000      0   1
2766000      0   1
2769000      0   1
2772000      0   1
2775000      0   1
2778000      0   1
2781000      0   1
2784000      0   1
2787000      0   1
2790000      0   1
2793000      0   1
2796000      0   1
2799000      0   1
2802000      0   1
2805000      0   1
2808000      0   1
2811000      0   1
2814000      0   1
2817000      0   1
2820000      0   1
2823000      0   1
2826000      0   1
2829000      0   1
2832000      0   1
2835000      0   1
2838000      0   1
2841000      0   1
2844000      0   1
2847000      0   1
2850000      0   1
2853000      0   1
2856000      0   1
2859000      0   1
2862000      0   1
2865000      0   1
2868000      0   1
2871000      0   1
2874000      0   1
2877000      0   1
2880000      0   1
2883000      0   1
2886000      0   1
2889000      0   1
2892000      0   1
2895000      0   1
2898000      0   1
2901000      0   1
2904000      0   1
2907000      0   1
2910000      0   1
2913000      0   1
2916000      0   1
2919000      0   1
2922000      0   1
2925000      0   1
2928000      0   1
2931000      0   1
2934000      0   1
2937000      0   1
2940000      0   1
2943000      0   1
2946000      0   1
2949000      0   1
2952000      0   1
2955000      0   1
2958000      0   1
2961000      0   1
2964000      0   1
2967000      0   1
2970000      0   1
2973000      0   1
2976000      0   1
2979000      0   1
2982000      0   1
2985000      0   1
2988000      0   1
2991000      0   1
2994000      0   1
2997000      0   1
3000000      0   1
3003000      0   1
3006000      0   1
3009000      0   1
3012000      0   1
3015000      0   1
3018000      0   1
3021000      0   1
3024000      0   1
3027000      0   1
3030000      0   1
3033000      0   1
3036000      0   1
3039000      0   1
3042000      0   1
3045000      0   1
3048000      0   1
3051000      0   1
3054000      0   1
3057000      0   1
3060000      0   1
3063000      0   2
3066000      0   2
3069000      0   2
3072000      0   2
3075000      0   3
3078000      0   3
3081000      0   3
3084000      0   3
3087000      0   3
3090000      0   3
3093000      0   3
3096000      0   3
3099000      0   3
3102000      0   3
3105000      0   3
3108000      0   3
3111000      0   3
3114000      0   4
3117000      0   3
3120000      0   4
3123000      0   4
3126000      0   4
3129000      0   4
3132000      0   4
3135000      0   4
3138000      0   4
3141000      0   4
3144000      0   4
3147000      0   4
3150000      0   4
3153000      0   4
3156000      0   4
3159000      0   4
3162000      0   4
3165000      0   4
3168000      0   4
3171000      0   4
3174000      0   4
3177000      0   4
3180000      0   1
3183000      0   4
3186000      0   4
3189000      0   3
3192000      0   3
3195000      0   4
3198000      0   4
3201000      0   4
3204000      0   4
3207000      0   4
3210000      0   4
3213000      0   4
3216000      0   4
3219000      0   4
3222000      0   4
3225000      0   3
3228000      0   3
3231000      0   3
3234000      0   3
3237000      0   3
3240000      0   3
3243000      0   3
3246000      0   4
3249000      0   3
3252000      0   3
3255000      0   4
3258000      0   4
3261000      0   4
3264000      0   4
3267000      0   2
3270000      0   3
3273000      0   3
3276000      0   3
3279000      0   3
3282000      0   3
3285000      0   4
3288000      0   4
3291000      0   3
3294000      0   4
3297000      0   3
3300000      0   4
3303000      0   4
3306000      0   4
3309000      0   4
3312000      0   4
3315000      0   4
3318000      0   4
3321000      0   4
3324000      0   4
3327000      0   4
3330000      0   3
3333000      0   4
3336000      0   4
3339000      0   4
3342000      0   4
3345000      0   4
3348000      0   4
3351000      0   4
3354000      0   4
3357000      0   4
3360000      0   4
3363000      0   4
3366000      0   4
3369000      0   4
3372000      0   4
3375000      0   4
3378000      0   4
3381000      0   4
3384000      0   4
3387000      0   4
3390000      0   4
3393000      0   4
3396000      0   4
3399000      0   4
3402000      0   4
3405000      0   4
3408000      0   4
3411000      0   4
3414000      0   4
3417000      0   4
3420000      0   4
3423000      0   4
3426000      0   4
3429000      0   4
3432000      0   4
3435000      0   4
3438000      0   4
3441000      0   4
3444000      0   4
3447000      0   4
3450000      0   4
3453000      0   4
3456000      0   4
3459000      0   4
3462000      0   4
3465000      0   4
3468000      0   4
3471000      0   4
3474000      0   4
3477000      0   4
3480000      0   4
3483000      0   4
3486000      0   4
3489000      0   4
3492000      0   4
3495000      0   4
3498000      0   4
3501000      0   4
3504000      0   4
3507000      0   4
3510000      0   4
3513000      0   4
3516000      0   4
3519000      0   4
3522000      0   4
3525000      0   4
3528000      0   4
3531000      0   4
3534000      0   4
3537000      0   4
3540000      0   2
3543000      0   4
3546000      0   4
3549000      0   4
3552000      0   4
3555000      0   4
3558000      0   4
3561000      0   4
3564000      0   3
3567000      0   3
3570000      0   4
3573000      0   4
3576000      0   4
3579000      0   3
3582000      0   3
3585000      0   3
3588000      0   3
3591000      0   3
3594000      0   4
3597000      0   5
3600000      0   5
3603000      0   5
3606000      0   5
3609000      0   5
3612000      0   5
3615000      0   5
3618000      0   5
3621000      0   5
3624000      0   5
3627000      0   5
3630000      0   5
3633000      0   5
3636000      0   5
3639000      0   5
3642000      0   5
3645000      0   5
3648000      0   5
3651000      0   5
3654000      0   5
3657000      0   5
3660000      0   5
3663000      0   5
3666000      0   5
3669000      0   5
3672000      0   5
3675000      0   5
3678000      0   5
3681000      0   5
3684000      0   2
3687000      0   2
3690000      0   2
3693000      0   2
3696000      0   2
3699000      0   2
3702000      0   3
3705000      0   3
3708000      0   3
3711000      0   3
3714000      0   3
3717000      0   3
3720000      0   3
3723000      0   3
3726000      0   4
3729000      0   2
3732000      0   2
3735000      0   2
3738000      0   2
3741000      0   3
3744000      0   3
3747000      0   3
3750000      0   2
3753000      0   3
3756000      0   3
3759000      0   3
3762000      0   3
3765000      0   3
3768000      0   3
3771000      0   3
3774000      0   3
3777000      0   3
3780000      0   3
3783000      0   3
3786000      0   3
3789000      0   3
3792000      0   3
3795000      0   3
3798000      0   3
3801000      0   3
3804000      0   3
3807000      0   3
3810000      0   3
3813000      0   3
3816000      0   3
3819000      0   3
3822000      0   3
3825000      0   3
3828000      0   3
3831000      0   3
3834000      0   3
3837000      0   3
3840000      0   3
3843000      0   3
3846000      0   4
3849000      0   3
3852000      0   4
3855000      0   4
3858000      0   4
3861000      0   4
3864000      0   4
3867000      0   4
3870000      0   4
3873000      0   4
3876000      0   3
3879000      0   3
3882000      0   3
3885000      0   3
3888000      0   3
3891000      0   4
3894000      0   4
3897000      0   4
3900000      0   4
3903000      0   4
3906000      0   4
3909000      0   4
3912000      0   4
3915000      0   4
3918000      0   4
3921000      0   4
3924000      0   4
3927000      0   4
3930000      0   4
3933000      0   4
3936000      0   4
3939000      0   4
3942000      0   4
3945000      0   4
3948000      0   4
3951000      0   4
3954000      0   4
3957000      0   4
3960000      0   4
3963000      0   4
3966000      0   4
3969000      0   4
3972000      0   4
3975000      0   4
3978000      0   4
3981000      0   4
3984000      0   4
3987000      0   2
3990000      0   3
3993000      0   3
3996000      0   2
3999000      0   3
4002000      0   3
4005000      0   3
4008000      0   3
4011000      0   3
4014000      0   3
4017000      0   3
4020000      0   2
4023000      0   3
4026000      0   3
4029000      0   2
4032000      0   3
4035000      0   3
4038000      0   3
4041000      0   3
4044000      0   3
4047000      0   3
4050000      0   5
4053000      0   5
4056000      0   5
4059000      0   5
4062000      0   5
4065000      0   5
4068000      0   5
4071000      0   5
4074000      0   5
4077000      0   5
4080000      0   5
4083000      0   5
4086000      0   5
4089000      0   5
4092000      0   5
4095000      0   5
4098000      0   5
4101000      0   5
4104000      0   5
4107000      0   5
4110000      0   5
4113000      0   5
4116000      0   5
4119000      0   5
4122000      0   5
4125000      0   5
4128000      0   5
4131000      0   5
4134000      0   5
4137000      0   3
4140000      0   2
4143000      0   2
4146000      0   1
4149000      0   2
4152000      0   2
4155000      0   2
4158000      0   2
4161000      0   3
4164000      0   3
4167000      0   3
4170000      0   3
4173000      0   3
4176000      0   3
4179000      0   3
4182000      0   3
4185000      0   3
4188000      0   3
4191000      0   3
4194000      0   3
4197000      0   3
4200000      0   3
4203000      0   3
4206000      0   3
4209000      0   3
4212000      0   3
4215000      0   3
4218000      0   3
4221000      0   3
4224000      0   3
4227000      0   3
4230000      0   3
4233000      0   3
4236000      0   3
4239000      0   3
4242000      0   3
4245000      0   3
4248000      0   2
4251000      0   3
4254000      0   2
4257000      0   3
4260000      0   3
4263000      0   3
4266000      0   3
4269000      0   3
4272000      0   3
4275000      0   3
4278000      0   3
4281000      0   3
4284000      0   3
4287000      0   4
4290000      0   3
4293000      0   3
4296000      0   3
4299000      0   3
4302000      0   3
4305000      0   3
4308000      0   3
4311000      0   3
4314000      0   3
4317000      0   3
4320000      0   3
4323000      0   3
4326000      0   3
4329000      0   4
4332000      0   3
4335000      0   4
4338000      0   3
4341000      0   4
4344000      0   4
4347000      0   4
4350000      0   4
4353000      0   4
4356000      0   4
4359000      0   4
4362000      0   4
4365000      0   4
4368000      0   4
4371000      0   3
4374000      0   3
4377000      0   3
4380000      0   3
4383000      0   3
4386000      0   3
4389000      0   3
4392000      0   4
4395000      0   4
4398000      0   3
4401000      0   4
4404000      0   4
4407000      0   4
4410000      0   4
4413000      0   4
4416000      0   4
4419000      0   4
4422000      0   4
4425000      0   4
4428000      0   4
4431000      0   4
4434000      0   4
4437000      0   4
4440000      0   4
4443000      0   4
4446000      0   4
4449000      0   4
4452000      0   3
4455000      0   3
4458000      0   3
4461000      0   3
4464000      0   4
4467000      0   4
4470000      0   3
4473000      0   5
4476000      0   5
4479000      0   5
4482000      0   5
4485000      0   5
4488000      0   5
4491000      0   5
4494000      0   5
4497000      0   2
4500000      0   5
4503000      0   5
4506000      0   5
4509000      0   5
4512000      0   5
4515000      0   5
4518000      0   5
4521000      0   5
4524000      0   5
4527000      0   5
4530000      0   5
4533000      0   5
4536000      0   5
4539000      0   5
4542000      0   5
4545000      0   5
4548000      0   5
4551000      0   1
4554000      0   2
4557000      0   2
4560000      0   2
4563000      0   2
4566000      0   1
4569000      0   1
4572000      0   1
4575000      0   1
4578000      0   1
4581000      0   1
4584000      0   1
4587000      0   1
4590000      0   1
4593000      0   1
4596000      0   1
4599000      0   1
4602000      0   1
4605000      0   1
4608000      0   1
4611000      0   1
4614000      0   2
4617000      0   2
4620000      0   2
4623000      0   1
4626000      0   2
4629000      0   2
4632000      0   2
4635000      0   2
4638000      0   3
4641000      0   3
4644000      0   3
4647000      0   3
4650000      0   3
4653000      0   3
4656000      0   3
4659000      0   3
4662000      0   3
4665000      0   3
4668000      0   3
4671000      0   3
4674000      0   3
4677000      0   3
4680000      0   3
4683000      0   3
4686000      0   3
4689000      0   3
4692000      0   3
4695000      0   3
4698000      0   3
4701000      0   3
4704000      0   3
4707000      0   1
4710000      0   1
4713000      0   2
4716000      0   3
4719000      0   3
4722000      0   3
4725000      0   3
4728000      0   3
4731000      0   3
4734000      0   3
4737000      0   3
4740000      0   3
4743000      0   3
4746000      0   3
4749000      0   3
4752000      0   3
4755000      0   3
4758000      0   3
4761000      0   3
4764000      0   3
4767000      0   3
4770000      0   3
4773000      0   3
4776000      0   3
4779000      0   3
4782000      0   3
4785000      0   3
4788000      0   3
4791000      0   3
4794000      0   3
4797000      0   3
4800000      0   3
4803000      0   3
4806000      0   3
4809000      0   3
4812000      0   3
4815000      0   4
4818000      0   3
4821000      0   4
4824000      0   4
4827000      0   4
4830000      0   3
4833000      0   3
4836000      0   3
4839000      0   3
4842000      0   4
4845000      0   4
4848000      0   3
4851000      0   3
4854000      0   4
4857000      0   3
4860000      0   4
4863000      0   3
4866000      0   4
4869000      0   4
4872000      0   4
4875000      0   4
4878000      0   3
4881000      0   3
4884000      0   3
4887000      0   3
4890000      0   3
4893000      0   3
4896000      0   3
4899000      0   4
4902000      0   3
4905000      0   3
4908000      0   3
4911000      0   3
4914000      0   2
4917000      0   2
4920000      0   5
4923000      0   5
4926000      0   5
4929000      0   5
4932000      0   5
4935000      0   5
4938000      0   5
4941000      0   5
4944000      0   5
4947000      0   5
4950000      0   5
4953000      0   5
4956000      0   5
4959000      0   5
4962000      0   5
4965000      0   5
4968000      0   5
4971000      0   5
4974000      0   5
4977000      0   5
4980000      0   5
4983000      0   5
4986000      0   5
4989000      0   5
4992000      0   5
4995000      0   5
4998000      0   5
5001000      0   5
5004000      0   5
5007000      0   5
5010000      0   5
5013000      0   5
5016000      0   5
5019000      0   1
5022000      0   2
5025000      0   2
5028000      0   2
5031000      0   2
5034000      0   2
5037000      0   5
5040000      0   5
5043000      0   5
5046000      0   5
5049000      0   5
5052000      0   5
5055000      0   5
5058000      0   5
5061000      0   5
5064000      0   1
5067000      0   1
5070000      0   1
5073000      0   1
5076000      0   1
5079000      0   1
5082000      0   1
5085000      0   1
5088000      0   1
5091000      0   1
5094000      0   1
5097000      0   1
5100000      0   1
5103000      0   1
5106000      0   1
5109000      0   1
5112000      0   1
5115000      0   2
5118000      0   2
5121000      0   2
5124000      0   1
5127000      0   1
5130000      0   1
5133000      0   1
5136000      0   1
5139000      0   1
5142000      0   1
5145000      0   1
5148000      0   1
5151000      0   1
5154000      0   2
5157000      0   1
5160000      0   1
5163000      0   1
5166000      0   1
5169000      0   1
5172000      0   1
5175000      0   1
5178000      0   1
5181000      0   1
5184000      0   1
5187000      0   1
5190000      0   1
5193000      0   1
5196000      0   1
5199000      0   1
5202000      0   1
5205000      0   1
5208000      0   1
5211000      0   2
5214000      0   2
5217000      0   2
5220000      0   2
5223000      0   2
5226000      0   1
5229000      0   1
5232000      0   1
5235000      0   1
5238000      0   1
5241000      0   1
5244000      0   1
5247000      0   1
5250000      0   1
5253000      0   1
5256000      0   1
5259000      0   1
5262000      0   1
5265000      0   1
5268000      0   1
5271000      0   1
5274000      0   1
5277000      0   1
5280000      0   1
5283000      0   1
5286000      0   1
5289000      0   1
5292000      0   1
5295000      0   1
5298000      0   1
5301000      0   1
5304000      0   1
5307000      0   1
5310000      0   1
5313000      0   1
5316000      0   1
5319000      0   1
5322000      0   1
5325000      0   1
5328000      0   1
5331000      0   1
5334000      0   1
5337000      0   1
5340000      0   1
5343000      0   1
5346000      0   1
5349000      0   1
5352000      0   1
5355000      0   1
5358000      0   1
5361000      0   1
5364000      0   1
5367000      0   1
5370000      0   1
5373000      0   1
5376000      0   1
5379000      0   1
5382000      0   1
5385000      0   1
5388000      0   1
5391000      0   1
5394000      0   1
5397000      0   1
5400000      0   1
5403000      0   1
5406000      0   1
5409000      0   1
5412000      0   1
5415000      0   1
5418000      0   1
5421000      0   1
5424000      0   1
5427000      0   1
5430000      0   1
5433000      0   1
5436000      0   1
5439000      0   1
5442000      0   1
5445000      0   1
5448000      0   1
5451000      0   1
5454000      0   1
5457000      0   1
5460000      0   1
5463000      0   1
5466000      0   1
5469000      0   1
5472000      0   1
5475000      0   1
5478000      0   1
5481000      0   1
5484000      0   1
5487000      0   1
5490000      0   1
5493000      0   1
5496000      0   1
5499000      0   1
5502000      0   1
5505000      0   1
5508000      0   1
5511000      0   1
5514000      0   1
5517000      0   1
5520000      0   1
5523000      0   1
5526000      0   1
5529000      0   1
5532000      0   1
5535000      0   1
5538000      0   1
5541000      0   1
5544000      0   1
5547000      0   1
5550000      0   1
5553000      0   1
5556000      0   1
5559000      0   1
5562000      0   1
5565000      0   1
5568000      0   1
5571000      0   1
5574000      0   1
5577000      0   1
5580000      0   1
5583000      0   1
5586000      0   1
5589000      0   1
5592000      0   1
5595000      0   1
5598000      0   1
5601000      0   1
5604000      0   1
5607000      0   1
5610000      0   1
5613000      0   1
5616000      0   1
5619000      0   1
5622000      0   1
5625000      0   1
5628000      0   1
5631000      0   1
5634000      0   1
5637000      0   1
5640000      0   1
5643000      0   1
5646000      0   1
5649000      0   1
5652000      0   1
5655000      0   1
5658000      0   1
5661000      0   1
5664000      0   1
5667000      0   1
5670000      0   1
5673000      0   1
5676000      0   1
5679000      0   1
5682000      0   1
5685000      0   1
5688000      0   1
5691000      0   1
5694000      0   1
5697000      0   1
5700000      0   1
5703000      0   1
5706000      0   1
5709000      0   1
5712000      0   1
5715000      0   1
5718000      0   1
5721000      0   1
5724000      0   1
5727000      0   1
5730000      0   1
5733000      0   1
5736000      0   1
5739000      0   1
5742000      0   1
5745000      0   1
5748000      0   1
5751000      0   1
5754000      0   1
5757000      0   1
5760000      0   1
5763000      0   1
5766000      0   1
5769000      0   1
5772000      0   1
5775000      0   1
5778000      0   1
5781000      0   1
5784000      0   1
5787000      0   1
5790000      0   1
5793000      0   1
5796000      0   1
5799000      0   1
5802000      0   1
5805000      0   1
5808000      0   1
5811000      0   1
5814000      0   1
5817000      0   1
5820000      0   1
5823000      0   1
5826000      0   1
5829000      0   1
5832000      0   1
5835000      0   1
5838000      0   1
5841000      0   1
5844000      0   1
5847000      0   1
5850000      0   1
5853000      0   1
5856000      0   1
5859000      0   1
5862000      0   1
5865000      0   1
5868000      0   1
5871000      0   1
5874000      0   1
5877000      0   1
5880000      0   1
5883000      0   1
5886000      0   1
5889000      0   1
5892000      0   1
5895000      0   1
5898000      0   1
5901000      0   1
5904000      0   1
5907000      0   1
5910000      0   1
5913000      0   1
5916000      0   1
5919000      0   1
5922000      0   1
5925000      0   1
5928000      0   1
5931000      0   1
5934000      0   1
5937000      0   1
5940000      0   1
5943000      0   1
5946000      0   1
5949000      0   1
5952000      0   1
5955000      0   1
5958000      0   1
5961000      0   1
5964000      0   1
5967000      0   1
5970000      0   1
5973000      0   1
5976000      0   1
5979000      0   1
5982000      0   1
5985000      0   1
5988000      0   1
5991000      0   1
5994000      0   1
5997000      0   1
6000000      0   1
6003000      0   1
6006000      0   1
6009000      0   1
6012000      0   1
6015000      0   1
6018000      0   1
6021000      0   1
6024000      0   1
6027000      0   1
6030000      0   1
6033000      0   1
6036000      0   1
6039000      0   1
6042000      0   1
6045000      0   1
6048000      0   1
6051000      0   1
6054000      0   1
6057000      0   1
6060000      0   1
6063000      0   1
6066000      0   1
6069000      0   1
6072000      0   1
6075000      0   1
6078000      0   1
6081000      0   1
6084000      0   1
6087000      0   1
6090000      0   1
6093000      0   1
6096000      0   1
6099000      0   1
6102000      0   1
6105000      0   1
6108000      0   1
6111000      0   1
6114000      0   1
6117000      0   1
6120000      0   1
6123000      0   1
6126000      0   1
6129000      0   1
6132000      0   1
6135000      0   1
6138000      0   1
6141000      0   1
6144000      0   1
6147000      0   1
6150000      0   1
6153000      0   1
6156000      0   1
6159000      0   1
6162000      0   1
6165000      0   1
6168000      0   1
6171000      0   1
6174000      0   1
6177000      0   1
6180000      0   1
6183000      0   1
6186000      0   1
6189000      0   1
6192000      0   1
6195000      0   1
6198000      0   1
6201000      0   1
6204000      0   1
6207000      0   1
6210000      0   1
6213000      0   1
6216000      0   1
6219000      0   1
6222000      0   1
6225000      0   1
6228000      0   1
6231000      0   1
6234000      0   1
6237000      0   1
6240000      0   1
6243000      0   1
6246000      0   1
6249000      0   1
6252000      0   1
6255000      0   1
6258000      0   1
6261000      0   1
6264000      0   1
6267000      0   1
6270000      0   1
6273000      0   1
6276000      0   1
6279000      0   1
6282000      0   1
6285000      0   1
6288000      0   1
6291000      0   1
6294000      0   1
6297000      0   1
6300000      0   1
6303000      0   1
6306000      0   1
6309000      0   1
6312000      0   1
6315000      0   1
6318000      0   1
6321000      0   1
6324000      0   1
6327000      0   1
6330000      0   1
6333000      0   1
6336000      0   1
6339000      0   1
6342000      0   1
6345000      0   1
6348000      0   1
6351000      0   1
6354000      0   1
6357000      0   1
6360000      0   1
6363000      0   1
6366000      0   1
6369000      0   1
6372000      0   1
6375000      0   1
6378000      0   1
6381000      0   1
6384000      0   1
6387000      0   1
6390000      0   1
6393000      0   1
6396000      0   1
6399000      0   1
6402000      0   1
6405000      0   1
6408000      0   1
6411000      0   1
6414000      0   1
6417000      0   1
6420000      0   1
6423000      0   1
6426000      0   1
6429000      0   1
6432000      0   1
6435000      0   1
6438000      0   1
6441000      0   1
6444000      0   1
6447000      0   1
6450000      0   1
6453000      0   1
6456000      0   1
6459000      0   1
6462000      0   1
6465000      0   1
6468000      0   1
6471000      0   1
6474000      0   1
6477000      0   1
6480000      0   1
6483000      0   1
6486000      0   1
6489000      0   1
6492000      0   1
6495000      0   1
6498000      0   1
6501000      0   1
6504000      0   1
6507000      0   1
6510000      0   1
6513000      0   1
6516000      0   1
6519000      0   1
6522000      0   1
6525000      0   1
6528000      0   1
6531000      0   1
6534000      0   1
6537000      0   1
6540000      0   1
6543000      0   1
6546000      0   1
6549000      0   1
6552000      0   1
6555000      0   1
6558000      0   1
6561000      0   1
6564000      0   1
6567000      0   1
6570000      0   1
6573000      0   1
6576000      0   1
6579000      0   1
6582000      0   1
6585000      0   1
6588000      0   1
6591000      0   1
6594000      0   1
6597000      0   1
6600000      0   1
6603000      0   1
6606000      0   1
6609000      0   1
6612000      0   1
6615000      0   1
6618000      0   1
6621000      0   1
6624000      0   1
6627000      0   1
6630000      0   1
6633000      0   1
6636000      0   1
6639000      0   1
6642000      0   1
6645000      0   1
6648000      0   1
6651000      0   1
6654000      0   1
6657000      0   1
6660000      0   1
6663000      0   1
6666000      0   1
6669000      0   1
6672000      0   1
6675000      0   1
6678000      0   1
6681000      0   1
6684000      0   1
6687000      0   1
6690000      0   1
6693000      0   1
6696000      0   1
6699000      0   1
6702000      0   1
6705000      0   1
6708000      0   1
6711000      0   1
6714000      0   1
6717000      0   1
6720000      0   1
6723000      0   1
6726000      0   1
6729000      0   1
6732000      0   1
6735000      0   1
6738000      0   1
6741000      0   1
6744000      0   1
6747000      0   1
6750000      0   1
6753000      0   1
6756000      0   1
6759000      0   1
6762000      0   1
6765000      0   1
6768000      0   1
6771000      0   1
6774000      0   1
6777000      0   1
6780000      0   1
6783000      0   1
6786000      0   1
6789000      0   1
6792000      0   1
6795000      0   1
6798000      0   1
6801000      0   1
6804000      0   1
6807000      0   1
6810000      0   1
6813000      0   1
6816000      0   1
6819000      0   1
6822000      0   1
6825000      0   1
6828000      0   1
6831000      0   1
6834000      0   1
6837000      0   1
6840000      0   1
6843000      0   1
6846000      0   1
6849000      0   1
6852000      0   1
6855000      0   1
6858000      0   1
6861000      0   1
6864000      0   1
6867000      0   1
6870000      0   1
6873000      0   1
6876000      0   1
6879000      0   1
6882000      0   1
6885000      0   1
6888000      0   1
6891000      0   1
6894000      0   1
6897000      0   1
6900000      0   1
6903000      0   1
6906000      0   1
6909000      0   1
6912000      0   1
6915000      0   1
6918000      0   1
6921000      0   1
6924000      0   1
6927000      0   1
6930000      0   1
6933000      0   1
6936000      0   1
6939000      0   1
6942000      0   1
6945000      0   1
6948000      0   1
6951000      0   1
6954000      0   1
6957000      0   1
6960000      0   1
6963000      0   1
6966000      0   1
6969000      0   1
6972000      0   1
6975000      0   1
6978000      0   1
6981000      0   1
6984000      0   1
6987000      0   1
6990000      0   1
6993000      0   1
6996000      0   1
6999000      0   1
7002000      0   1
7005000      0   1
7008000      0   1
7011000      0   1
7014000      0   1
7017000      0   1
7020000      0   1
7023000      0   1
7026000      0   1
7029000      0   1
7032000      0   1
7035000      0   1
7038000      0   1
7041000      0   1
7044000      0   1
7047000      0   1
7050000      0   1
7053000      0   1
7056000      0   1
7059000      0   1
7062000      0   1
7065000      0   1
7068000      0   1
7071000      0   1
7074000      0   1
7077000      0   1
7080000      0   1
7083000      0   1
7086000      0   1
7089000      0   1
7092000      0   1
7095000      0   1
7098000      0   1
7101000      0   1
7104000      0   1
7107000      0   1
7110000      0   1
7113000      0   1
7116000      0   1
7119000      0   1
7122000      0   1
7125000      0   1
7128000      0   1
7131000      0   1
7134000      0   1
7137000      0   1
7140000      0   1
7143000      0   1
7146000      0   1
7149000      0   1
7152000      0   1
7155000      0   1
7158000      0   1
7161000      0   1
7164000      0   1
7167000      0   1
7170000      0   1
7173000      0   1
7176000      0   1
7179000      0   1
7182000      0   1
7185000      0   1
7188000      0   1
7191000      0   1
7194000      0   1
7197000      0   1
7200000      0   1
7203000      0   1
7206000      0   1
7209000      0   1
7212000      0   1
7215000      0   1
7218000      0   1
7221000      0   1
7224000      0   1
7227000      0   1
7230000      0   1
7233000      0   1
7236000      0   1
7239000      0   1
7242000      0   1
7245000      0   1
7248000      0   1
7251000      0   1
7254000      0   1
7257000      0   1
7260000      0   1
7263000      0   1
7266000      0   1
7269000      0   1
7272000      0   1
7275000      0   1
7278000      0   1
7281000      0   1
7284000      0   1
7287000      0   1
7290000      0   1
7293000      0   1
7296000      0   1
7299000      0   1
7302000      0   1
7305000      0   1
7308000      0   1
7311000      0   1
7314000      0   1
7317000      0   1
7320000      0   1
7323000      0   1
7326000      0   1
7329000      0   1
7332000      0   1
7335000      0   1
7338000      0   1
7341000      0   1
7344000      0   1
7347000      0   1
7350000      0   1
7353000      0   1
7356000      0   1
7359000      0   1
7362000      0   1
7365000      0   1
7368000      0   1
7371000      0   1
7374000      0   1
7377000      0   1
7380000      0   1
7383000      0   1
7386000      0   1
7389000      0   1
7392000      0   1
7395000      0   1
7398000      0   1
7401000      0   1
7404000      0   1
7407000      0   1
7410000      0   1
7413000      0   1
7416000      0   1
7419000      0   1
7422000      0   1
7425000      0   1
7428000      0   1
7431000      0   1
7434000      0   1
7437000      0   1
7440000      0   1
7443000      0   1
7446000      0   1
7449000      0   1
7452000      0   1
7455000      0   1
7458000      0   1
7461000      0   1
7464000      0   1
7467000      0   1
7470000      0   1
7473000      0   1
7476000      0   1
7479000      0   1
7482000      0   1
7485000      0   1
7488000      0   1
7491000      0   1
7494000      0   1
7497000      0   1
7500000      0   1
7503000      0   1
7506000      0   1
7509000      0   1
7512000      0   1
7515000      0   1
7518000      0   1
7521000      0   1
7524000      0   1
7527000      0   1
7530000      0   1
7533000      0   1
7536000      0   1
7539000      0   1
7542000      0   1
7545000      0   1
7548000      0   1
7551000      0   1
7554000      0   1
7557000      0   1
7560000      0   1
7563000      0   1
7566000      0   1
7569000      0   1
7572000      0   1
7575000      0   1
7578000      0   1
7581000      0   1
7584000      0   1
7587000      0   1
7590000      0   1
7593000      0   1
7596000      0   1
7599000      0   1
7602000      0   1
7605000      0   1
7608000      0   1
7611000      0   1
7614000      0   1
7617000      0   1
7620000      0   1
7623000      0   1
7626000      0   1
7629000      0   1
7632000      0   1
7635000      0   1
7638000      0   1
7641000      0   1
7644000      0   1
7647000      0   1
7650000      0   1
7653000      0   1
7656000      0   1
7659000      0   1
7662000      0   1
7665000      0   1
7668000      0   1
7671000      0   1
7674000      0   1
7677000      0   1
7680000      0   1
7683000      0   1
7686000      0   1
7689000      0   1
7692000      0   1
7695000      0   1
7698000      0   1
7701000      0   1
7704000      0   1
7707000      0   1
7710000      0   1
7713000      0   1
7716000      0   1
7719000      0   1
7722000      0   1
7725000      0   1
7728000      0   1
7731000      0   1
7734000      0   1
7737000      0   1
7740000      0   1
7743000      0   1
7746000      0   1
7749000      0   1
7752000      0   1
7755000      0   1
7758000      0   1
7761000      0   1
7764000      0   1
7767000      0   1
7770000      0   1
7773000      0   1
7776000      0   1
7779000      0   1
7782000      0   1
7785000      0   1
7788000      0   1
7791000      0   1
7794000      0   1
7797000      0   1
7800000      0   1
7803000      0   1
7806000      0   1
7809000      0   1
7812000      0   1
7815000      0   1
7818000      0   1
7821000      0   1
7824000      0   1
7827000      0   1
7830000      0   1
7833000      0   1
7836000      0   1
7839000      0   1
7842000      0   1
7845000      0   1
7848000      0   1
7851000      0   1
7854000      0   1
7857000      0   1
7860000      0   1
7863000      0   1
7866000      0   1
7869000      0   1
7872000      0   1
7875000      0   1
7878000      0   1
7881000      0   1
7884000      0   1
7887000      0   1
7890000      0   1
7893000      0   1
7896000      0   1
7899000      0   1
7902000      0   1
7905000      0   1
7908000      0   1
7911000      0   1
7914000      0   1
7917000      0   1
7920000      0   1
7923000      0   1
7926000      0   1
7929000      0   1
7932000      0   1
7935000      0   1
7938000      0   1
7941000      0   1
7944000      0   1
7947000      0   1
